DRAM-system:
  ifmap: 1680485.519328
  ofmap: 410283.471738
  total: 2782433.884734
  weight: 691664.893668
GLB-ifmap:
  ifmap-dynamic: 115492.629816
  ifmap-leakage: 73120.16155475
  ifmap-total: 188612.79137075
GLB-ofmap:
  ofmap-dynamic: 15904.230824
  ofmap-leakage: 73120.16155475
  ofmap-total: 89024.39237875
GLB-weight:
  weight-dynamic: 42246.179091
  weight-leakage: 291009.9760175
  weight-total: 333256.1551085
dram_total: 2782433.884734
sram_total: 610893.338858
