lif:
  area: 0.000129
  dpower:
    n: 0.05625
    y: 0.01886
  lpower: 8.4e-05
spad:
  area: 0.040062
  dpower:
    n: 0.21233
    y: 14.38848
  lpower: 0.023497
spike-mac:
  area: 9.7e-05
  dpower:
    n: 0.01924
    y: 0.02511
  lpower: 6.2e-05
