DRAM-system:
  ifmap: 2400.06144
  ofmap: 484.699908
  total: 1973815.215876
  weight: 1970930.454528
GLB-ifmap:
  ifmap-dynamic: 5805.222911999999
  ifmap-leakage: 66239.7320112
  ifmap-total: 72044.9549232
GLB-ofmap:
  ofmap-dynamic: 53.054888
  ofmap-leakage: 66239.7320112
  ofmap-total: 66292.7868992
GLB-weight:
  weight-dynamic: 120382.401536
  weight-leakage: 263626.644336
  weight-total: 384009.04587200005
dram_total: 1973815.215876
sram_total: 522346.78769440006
