DRAM-system:
  ifmap: 1605235.0382775
  ofmap: 70091.63805000001
  total: 3225616.3627275005
  weight: 1550289.6864
GLB-ifmap:
  ifmap-dynamic: 64460.310856799995
  ifmap-leakage: 45752.34186862501
  ifmap-total: 110212.652725425
GLB-ofmap:
  ofmap-dynamic: 23557.69856
  ofmap-leakage: 157971.21444615
  ofmap-total: 181528.91300615
GLB-weight:
  weight-dynamic: 94690.0968
  weight-leakage: 628707.5732595
  weight-total: 723397.6700595
dram_total: 3225616.3627275005
sram_total: 1015139.235791075
total: 4240755.598518576
