DRAM-system:
  ifmap: 10637729.975166
  ofmap: 228018.96213600002
  total: 20160406.874454
  weight: 9294657.937152
GLB-ifmap:
  ifmap-dynamic: 961494.9860159999
  ifmap-leakage: 772646.5101185001
  ifmap-total: 1734141.4961345
GLB-ofmap:
  ofmap-dynamic: 7502.170624
  ofmap-leakage: 772646.5101185001
  ofmap-total: 780148.6807425001
GLB-weight:
  weight-dynamic: 567708.130624
  weight-leakage: 3075045.754805
  weight-total: 3642753.885429
dram_total: 20160406.874454
sram_total: 6157044.062306
