mac:
  area: 0.000328
  dpower:
    n: 0.06698
    y: 0.10721
  lpower: 0.000199
relu:
  area: 3.2e-05
  dpower:
    n: 0.01955
    y: 0
  lpower: 1.8e-05
spad:
  area: 0.01453
  dpower:
    n: 1.69864
    y: 3.59712
  lpower: 0.008522
